以取回40万美元。亦可以按照年化5%永续提领
（现金价值不减），每年领取2万美元。
如果第30年退保，分红实现率是100%的话，可以
取回80万美元。亦可以按照年化6%永续提领（现
金价值不减），每年领取4.8万美元。
保费相同的情况下，提领时间相差10年，
每年领取的金额可能相差接近2.5倍？
这是由港险的机制决定的，长期持有保单的人，
剥削了提前退保的人。
20年后退保，计划书IRR普遍在5%左右，30年后
退保，计划书IRR则基本在6％以上。
我们把通胀的因素算上，再比较一下。
假设长期通胀率是2%（美联储目标），20年物价
上涨48%，30年物价上涨81%。
如果第20年退保，分红实现率°是100％的话，可
香港储蓄险的流动性非常差，把资金投入进去，
需要有充足的理由才行：
要么给自己买，积累一份体面的养老金；
要么给孩子买，为TA未来初级的财务自由助力。
所以，和朋友们交流起储蓄险这个产品，我一直
强调，门槛保费是3万美元/年。
保费低于3万美元/年的，干脆就别买了。总不可
3万美元/年的保费，缴款5年，按通货膨胀率？
4.8万美元（购买力相当于今天的19万人民币/
年），可基本达成体面养老的目标。
20年后的2万美金/年= 今天的1.34万美金/年=
今天的9.69万人民币/年（汇率1：7.2）
30年后的4.8万美金/年= 今天的2.64万美金/年
= 今天的19.07万人民币/年
能干等到40年后再提领吧？
2%、30年期IRR 6%计算，30年后每年可以领取
如果是为了自己的补充养老金买储蓄险的投保
人，最佳的投保年龄就是30-35岁左右，三十年
后提领正好。
40-45岁再买，三十年后提领，要想达到类似的
养老效果，投入成本直接翻倍了。
保险销售们虽然鬼话多，【早买早享受】没讲
不过，高额的保费成本、苛刻的最佳投保年龄，
使得香港储蓄险注定只适合少数现金流充足的高
错。
净值人士。
我在之前的文章里提到了，香港储蓄险是一项长
项。
那么，这个【长线投资】的年份应该是多久？首
次提领的年份该选20年后还是30年后？今天就来
做个探讨。
假设年龄30岁的投保人为例，每年保费是3万美
元，缴五年期，我生成了某产品的计划书：
說明摘要
美金
保單
15
70歲
75歲
85歲
90歲
105歲
115歲
120歲
135歲
138歲
非保證金額
終期紅利
之現金價值
之現金價值
150,000
150,000
150,000
150,000
150,000
150,000
150,000
150,000
150,000
150,000
150,000
150,000
150,000
169,456
171,339
174,895
176,778
178,661
182,427
186,192
上述年齡為被保人之年齡。
223,339
318,581
345,504
391.465
370
4,706
129,540
162,158
265,854
886,958
2,915,137
4,301,724
9,670,386
20,500,423
89,885,123
181,542
247,949
1,123,294
3,208,905
4,614,581
10,024,097
20,898,657
90,386,131
128,657,608
181,548,064
223,215,237
終期紅利
（4）
60,000
2,092
93,148
156,000
195,000
195,000
170.662
231,946
142,040
354,374
172,142
396,031
195,000
273,512
509,547
593,860
3,208,905
167,573
145,284
4,614,581
6,766,378
171,339
9,670,386
10,024,097
14.064,344
174,895
20,500,423
20,898,657
30,387,145
178,661
44,046,137
63.084,981
89,885,123
90,386,131
128,657,608
186,192
373,800
181,548,064
注意看退保发还金额-总额这一栏，即第N年退
保，能取回的钱。
线投资“的事业，保证回本的年限不是重点的关注
保單貨幣：
終結
25
30
80歲
100歲
110歲
125歲
130歲
已繳保費
退保發還金額
（3）
150.000
150,000
165,690
167,573
173.222
180.544
184,310
187,238
145,284
163,366
182,372
245,402
268,591
292,964
373,800
345,061
581.865
1,985,174
6,433,556
14.064，.344
29,964,965
43,598,885
63.084.，981
128,127,794
180,988,072
222,636,534
總額
（1）+（②）+（3）
2,357
400.928|
1,604,294
2,258,389
6,766,378
14,439.912
30,387,145
44,046,137
63,558.489
身故保險賠慣
非保證金額
保額增值
紅利之面值
之面值
（4）+（5）+（6）
30,000
90,000
1.056
60,000
6.339
30,607
195,000
28,889
41,035
195,000
53.799
345,061
195,000
67,215.
581,865
844,080
886,958
1,123,294
157,950
96,134
1,350,210
1,604,294
161,506
111,709
1.985.174
2,258.389
165,690
128.078
2,915,137
4,301,724
169.456
163,366
6,433,556
182,372
14,439.912
223,339
176,778
245,402
29,964,965
268,591
43,598,885
180,544
292,964
63.558.489
182,427
318,581
184,310.
345,504
128,127,794
180,988.072
基本計劃-說明摘要
年度
20
65歲.
95歲.
總額
保證金額】
現金價值 保額增值紅利|
但
（2）
202,346
16,834
1,350210
9.527
27,015
550324
802.009
保證金額|
身故保險
賠償
總額
30,000
4,20%
6850
10.457
17,334
155,021
81.315
173.222
202,346
187.238 1391.406/L 232.636.584克223252|